[gd_scene load_steps=4 format=3]

[ext_resource type="PackedScene" uid="uid://dtdstp6d7pqi5" path="res://map/tiles/tile.tscn" id="1_pspu6"]
[ext_resource type="PackedScene" uid="uid://sg2m0pw7awdj" path="res://map/grounds/ground_0a.tscn" id="2_uejne"]
[ext_resource type="PackedScene" path="res://map/walls/wall_primitive_edge.tscn" id="3_u2gyb"]

[node name="Tile5AEmpty" instance=ExtResource("1_pspu6")]

[node name="GroundPlane" parent="Terrain/Ground" index="0" instance=ExtResource("2_uejne")]

[node name="Wall" parent="Terrain/Walls" index="0" instance=ExtResource("3_u2gyb")]

[node name="Wall2" parent="Terrain/Walls" index="1" instance=ExtResource("3_u2gyb")]
transform = Transform3D(0.5, 0, -0.866025, 0, 1, 0, 0.866025, 0, 0.5, 0, 0, 0)

[node name="Wall3" parent="Terrain/Walls" index="2" instance=ExtResource("3_u2gyb")]
transform = Transform3D(-0.5, 0, -0.866025, 0, 1, 0, 0.866025, 0, -0.5, 0, 0, 0)

[node name="Wall4" parent="Terrain/Walls" index="3" instance=ExtResource("3_u2gyb")]
transform = Transform3D(-1, 0, -8.74228e-08, 0, 1, 0, 8.74228e-08, 0, -1, 0, 0, 0)

[node name="Wall5" parent="Terrain/Walls" index="4" instance=ExtResource("3_u2gyb")]
transform = Transform3D(-0.5, 0, 0.866025, 0, 1, 0, -0.866025, 0, -0.5, 0, 0, 0)
