[gd_scene load_steps=4 format=3 uid="uid://bwjv1wsqqjn0l"]

[ext_resource type="PackedScene" uid="uid://dtdstp6d7pqi5" path="res://map/tiles/tile.tscn" id="1_jj26x"]
[ext_resource type="PackedScene" uid="uid://sg2m0pw7awdj" path="res://map/grounds/ground_0a.tscn" id="2_d1i03"]
[ext_resource type="PackedScene" uid="uid://dsxeips7aast4" path="res://map/walls/wall_primitive_full.tscn" id="3_it33f"]

[node name="Tile6AFull" instance=ExtResource("1_jj26x")]

[node name="GroundFull" parent="Terrain/Ground" index="0" instance=ExtResource("2_d1i03")]

[node name="WallPrimitiveFull" parent="Terrain/Walls" index="0" instance=ExtResource("3_it33f")]

[node name="WallPrimitiveFull2" parent="Terrain/Walls" index="1" instance=ExtResource("3_it33f")]
transform = Transform3D(0.5, 0, -0.866025, 0, 1, 0, 0.866025, 0, 0.5, 0, 0, 0)

[node name="WallPrimitiveFull3" parent="Terrain/Walls" index="2" instance=ExtResource("3_it33f")]
transform = Transform3D(-0.5, 0, -0.866025, 0, 1, 0, 0.866025, 0, -0.5, 0, 0, 0)

[node name="WallPrimitiveFull4" parent="Terrain/Walls" index="3" instance=ExtResource("3_it33f")]
transform = Transform3D(-1, 0, -8.74228e-08, 0, 1, 0, 8.74228e-08, 0, -1, 0, 0, 0)

[node name="WallPrimitiveFull5" parent="Terrain/Walls" index="4" instance=ExtResource("3_it33f")]
transform = Transform3D(-0.5, 0, 0.866025, 0, 1, 0, -0.866025, 0, -0.5, 0, 0, 0)

[node name="WallPrimitiveFull6" parent="Terrain/Walls" index="5" instance=ExtResource("3_it33f")]
transform = Transform3D(0.5, 0, 0.866025, 0, 1, 0, -0.866025, 0, 0.5, 0, 0, 0)
